1 0.042578 0.171528 0.071094 0.268056
1 0.122656 0.504167 0.079687 0.272222
1 0.205859 0.500000 0.080469 0.272222
1 0.291797 0.502083 0.077344 0.276389
1 0.041797 0.834028 0.077344 0.287500
1 0.205078 0.832639 0.080469 0.281944
1 0.289062 0.832639 0.076563 0.279167
1 0.372656 0.174306 0.084375 0.265278
1 0.458984 0.495833 0.074219 0.275000
1 0.457812 0.833333 0.082813 0.294444
1 0.622656 0.184028 0.079687 0.259722
1 0.704687 0.176389 0.071875 0.266667
1 0.541016 0.501389 0.077344 0.280556
1 0.622266 0.502083 0.078906 0.279167
1 0.789844 0.508333 0.078125 0.283333
1 0.876562 0.522917 0.082813 0.265278
1 0.624219 0.840972 0.081250 0.276389
1 0.792578 0.843750 0.080469 0.284722
1 0.874219 0.833333 0.076563 0.311111
2 0.123047 0.161806 0.055469 0.304167
2 0.040234 0.499306 0.053906 0.312500
2 0.122266 0.831944 0.057031 0.313889
2 0.289062 0.164583 0.050000 0.298611
1 0.202734 0.161111 0.080469 0.300000
2 0.456641 0.167361 0.053906 0.298611
2 0.534766 0.166667 0.060156 0.308333
2 0.790234 0.170139 0.053906 0.312500
2 0.872656 0.167361 0.060938 0.306944
2 0.957422 0.176389 0.057031 0.322222
2 0.958594 0.505556 0.060938 0.338889
2 0.955078 0.838194 0.058594 0.315278
2 0.701953 0.500000 0.067969 0.311111
2 0.708984 0.831250 0.052344 0.323611
2 0.538672 0.835417 0.053906 0.329167
2 0.371875 0.837500 0.057813 0.311111
1 0.373047 0.504167 0.082031 0.286111
