2 0.059766 0.299306 0.055469 0.301389
2 0.123438 0.300000 0.073437 0.311111
2 0.189453 0.300000 0.063281 0.305556
2 0.249219 0.301389 0.060938 0.302778
2 0.309375 0.302083 0.064062 0.301389
2 0.373437 0.304861 0.067188 0.298611
2 0.437109 0.305556 0.058594 0.294444
2 0.500781 0.302083 0.064062 0.293056
2 0.562109 0.304167 0.067969 0.297222
2 0.626562 0.306944 0.064062 0.294444
2 0.693750 0.301389 0.064062 0.294444
2 0.755078 0.304861 0.063281 0.295833
2 0.819141 0.305556 0.069531 0.294444
2 0.883984 0.310417 0.064844 0.301389
2 0.948438 0.303472 0.062500 0.295833
2 0.061719 0.684028 0.075000 0.265278
2 0.128516 0.670139 0.057031 0.298611
2 0.187891 0.668750 0.061719 0.309722
2 0.253125 0.666667 0.064062 0.308333
2 0.318750 0.665278 0.060938 0.308333
2 0.382422 0.666667 0.061719 0.305556
2 0.447266 0.666667 0.064844 0.305556
2 0.512109 0.668056 0.064844 0.305556
2 0.574609 0.667361 0.061719 0.301389
2 0.635547 0.670833 0.060156 0.302778
2 0.698047 0.673611 0.061719 0.302778
2 0.761719 0.668056 0.062500 0.300000
2 0.825781 0.671528 0.060938 0.293056
2 0.885156 0.666667 0.062500 0.305556
2 0.947656 0.665972 0.057813 0.306944
