1 0.074219 0.513194 0.110937 0.293056
1 0.069531 0.816667 0.115625 0.313889
1 0.191016 0.506944 0.116406 0.294444
1 0.187891 0.810417 0.114844 0.312500
1 0.306641 0.513194 0.114844 0.301389
1 0.305078 0.816667 0.113281 0.322222
1 0.421484 0.510417 0.116406 0.298611
1 0.419922 0.816667 0.116406 0.325000
1 0.538672 0.513889 0.121094 0.308333
1 0.537500 0.825694 0.123438 0.318056
1 0.655859 0.509722 0.113281 0.300000
1 0.657031 0.825000 0.117188 0.319444
1 0.767578 0.507639 0.122656 0.304167
1 0.772656 0.821528 0.115625 0.326389
1 0.882031 0.505556 0.118750 0.305556
1 0.887891 0.818750 0.116406 0.323611
